CBERS 1
1 25940U 99057A   15135.82107987  .00000324  00000-0  12804-3 0  9994
2 25940 098.4099 080.4538 0006221 109.3077 303.5649 14.35227704816333
CBERS 2
1 28057U 03049A   15135.79352212  .00000274  00000-0  10989-3 0  9997
2 28057 098.2264 110.6506 0001405 046.9707 313.1606 14.35412291605998
CBERS 2B
1 32062U 07042A   15135.81837548  .00000612  00000-0  20876-3 0  9990
2 32062 098.2441 192.5680 0031052 327.0908 032.8336 14.39439636401822
CBERS-4
1 40336U 14079A   15135.80192993  .00000187  00000-0  80292-4 0  9994
2 40336 098.5267 211.3626 0001431 110.6489 249.4847 14.35421805 22896
